
$orca_opt_file

$trust
    0.300000000000

$epredict
    0.000000000000

$ediffsc
  1000.000000000000

$ctyp
  3

$coordinates
 1 9
   1.12324943  -0.81279389  -0.38190042   0.24632580   1.76946774  -1.26880370
   1.08706874   0.93305417   0.10068461

# redundant internal coordinates
#  nbonds nangles ndihedrals nimpropers ncartesians
# bond  definitions A B
# angle definitions A B C
# dihedral definitions A B C D
# improper torsion definitions A B C D
# cartesian definitions A x/y/z
$redundant_internals
 2 1 0 0 0
   2   1   0
   2   0   0
   0   2   1   0   0
$energies
 1
 -76.4136758009105392

$gradients
 1 9
   0.0000324084894029   0.0001094684388145   0.0001306192875347   0.0001037429896353
   0.0000083356760892   0.0001797246713258  -0.0001406712984411  -0.0000710018704524
  -0.0003134106293068

$redundant_coords
 1 3
   1.8116110452804224   1.8116795489206059   1.8263917530485994

$redundant_gradients
 1 3
  -0.0001925408943700  -0.0001211394609388   0.0001781323097382

$hessian_approx
 9 9
                  0          1          2          3          4          5    
      0       0.022316  -0.020557   0.036871   0.004689   0.040790   0.022034
      1      -0.020557   0.490156   0.115274  -0.002228  -0.019377  -0.010467
      2       0.036871   0.115274   0.108185   0.008410   0.073159   0.039519
      3       0.004689  -0.002228   0.008410   0.113532  -0.103306   0.187986
      4       0.040790  -0.019377   0.073159  -0.103306   0.186644  -0.141713
      5       0.022034  -0.010467   0.039519   0.187986  -0.141713   0.320558
      6      -0.027005   0.022784  -0.045281  -0.118221   0.062515  -0.210020
      7      -0.020234  -0.470779  -0.188433   0.105533  -0.167266   0.152180
      8      -0.058905  -0.104807  -0.147703  -0.196396   0.068554  -0.360077
                  6          7          8    
      0      -0.027005  -0.020234  -0.058905
      1       0.022784  -0.470779  -0.104807
      2      -0.045281  -0.188433  -0.147703
      3      -0.118221   0.105533  -0.196396
      4       0.062515  -0.167266   0.068554
      5      -0.210020   0.152180  -0.360077
      6       0.145226  -0.085299   0.255301
      7      -0.085299   0.638046   0.036253
      8       0.255301   0.036253   0.507780

$bmatrix
 3 9
                  0          1          2          3          4          5    
      0       0.000000   0.000000   0.000000  -0.464086   0.461696  -0.755951
      1       0.019971  -0.963663  -0.266374   0.000000   0.000000   0.000000
      2       0.261884  -0.124406   0.469697   0.055547   0.483202   0.261014
                  6          7          8    
      0       0.464086  -0.461696   0.755951
      1      -0.019971   0.963663   0.266374
      2      -0.317431  -0.358796  -0.730711

