
$orca_hessian_file

$act_atom
  0

$act_coord
  0

$act_energy
     -309.492582

$hessian
48
                    0                  1                  2                  3                  4        
    0      6.6734157611E-01   2.6316484971E-02  -1.0163917961E-01  -3.2310335719E-01  -2.0487637498E-03
    1      2.6316484971E-02   7.1744951319E-01  -3.1542131768E-02  -6.1763480584E-02  -1.3367355354E-01
    2     -1.0163917961E-01  -3.1542131768E-02   1.4949923573E-01   5.2753855986E-02   4.0416910830E-03
    3     -3.2310335719E-01  -6.1763480584E-02   5.2753855986E-02   6.7789022015E-01  -4.2332342323E-02
    4     -2.0487637498E-03  -1.3367355354E-01   4.0416910830E-03  -4.2332342323E-02   7.1553906531E-01
    5      4.9908892475E-02   1.5004728521E-02  -6.5595277800E-02  -1.0077163223E-01  -1.9063094455E-02
    6     -8.7490727155E-03  -3.7219873255E-02   3.7944098521E-03  -1.4984766715E-01  -9.5667190303E-02
    7     -7.9258965080E-02   1.1174287649E-02   1.4337227272E-02  -3.5157503523E-02  -3.1341600616E-01
    8      5.6307656115E-03   6.6126996528E-03   8.2535250804E-04   1.9202472920E-02   2.9576954772E-02
    9     -5.3246966795E-02   1.7435173764E-02   8.7540466886E-03   5.4954326453E-02   4.0516824988E-02
   10      1.9814074162E-02  -7.7237998156E-03  -3.4559086515E-03   2.3126225215E-04  -5.4901665610E-02
   11      8.2224636729E-03  -2.8612146060E-03  -3.5673425151E-03  -9.6441372820E-03  -4.7856496407E-03
   12      5.0961455587E-02   2.8568632279E-03  -8.9003156457E-03  -3.3227203047E-02  -2.9344732460E-02
   13      3.6231239355E-02  -5.1576426234E-02  -4.1749956898E-03  -2.7658788518E-02  -2.5066179029E-02
   14     -1.0480150953E-02   2.0295705649E-03   5.4728755788E-03   7.1564131319E-03   6.5053426861E-03
   15     -1.9501434688E-01   1.2018128304E-01   1.9353502399E-02  -4.1292464772E-02   1.5462300078E-02
   16      6.4639642391E-02  -2.3964646596E-01  -4.1895576634E-03   5.4884727206E-02   4.6358687740E-02
   17      2.1703132225E-02  -1.4282186539E-02  -6.4208833573E-02   5.3407808033E-03  -4.9874389374E-03
   18     -3.7765235694E-02   5.4313779241E-03   7.3387642237E-03   2.0967543835E-03   3.7067672340E-03
   19      2.8965517119E-02   8.3415055887E-03  -5.6049205076E-03   3.1154346013E-03  -4.5496414756E-03
   20      6.3336720586E-03  -1.3024265446E-03   1.9821064719E-03   8.1543166481E-04  -1.6418603772E-04
   21      2.8317685681E-04  -6.2054037726E-03   5.2305442326E-04  -2.4514366837E-03  -1.2349136025E-05
   22     -3.9348649182E-03  -1.2305783945E-04   8.7149038763E-04  -5.7188328799E-04   8.6466554274E-04
   23      6.0564300128E-04   1.1751718292E-03   1.7827077966E-03   4.8778487208E-04  -1.7056987045E-05
   24     -8.8518936665E-02  -8.6058845649E-02   1.3871219083E-02  -5.2593753974E-03  -3.0480146052E-02
   25     -8.5114141065E-02  -3.0361021305E-01   2.8072650041E-02   1.2374865601E-03  -1.1300940323E-03
   26      1.3803364950E-02   2.8109646520E-02  -3.8988667719E-02   1.3005040658E-03   5.8324236758E-03
   27     -1.4373716951E-02   2.5952083461E-02   1.8852383766E-03  -1.7075788601E-01   1.3704694625E-01
   28     -5.4871994070E-03   7.8099455072E-03   7.0014145410E-04   1.3694372842E-01  -2.2753621777E-01
   29      3.3112266155E-03  -5.1269109283E-03   1.4981081593E-03   1.8861384513E-02  -1.6607290945E-02
   30      1.6489041051E-03  -1.9970417064E-03   1.2217647132E-03  -5.9849451321E-03   1.1294711516E-03
   31     -1.3319803567E-03  -5.3641223807E-03   8.4655924542E-04  -3.0241107634E-02   1.9384479634E-04
   32      1.2076910964E-03   1.0128851300E-03   7.9407621129E-03   2.8600532430E-03  -6.4042086756E-05
   33     -1.2937813955E-03   7.1183245244E-04  -2.9506247573E-05  -2.0973038237E-03   3.5606137379E-03
   34      7.7991466449E-04   6.1668806683E-04  -2.2536721563E-04   3.9300174873E-03  -1.9771321813E-03
   35     -2.7059675201E-05  -2.4632447273E-04  -1.2748984265E-03   1.6783499044E-03  -1.8478682084E-04
   36      1.9116549804E-04  -2.5741692894E-03   1.3293946725E-03  -4.3141682120E-04  -1.0403061819E-03
   37     -3.6118883821E-03  -4.2718117217E-03   1.2327350513E-03  -1.0279367997E-03  -9.8754056577E-05
   38      1.4926833727E-03   9.6008481117E-04   6.6561010864E-03  -1.3263916026E-04   1.7203111109E-04
   39      1.1900762882E-03  -2.3680062629E-03  -2.4883099283E-04  -2.5794850183E-04   3.0561804839E-04
   40      1.8805772837E-03   8.5254549584E-04  -4.7148916331E-04  -4.3506783176E-04   2.9431137882E-04
   41     -3.8058651283E-04   3.4468918625E-04  -5.9509900419E-04   5.7957497362E-05  -6.0267751306E-05
   42      3.8284377224E-06   1.5613127421E-05  -2.4170857066E-05   4.7425659261E-05  -2.2116537577E-04
   43      1.7409508819E-04  -9.8765234124E-05  -5.0625565901E-05  -1.4252054430E-04   1.5084345666E-04
   44      1.4924854903E-05  -3.7001998460E-05  -9.1714425461E-05   1.8823200751E-05   3.5915955540E-05
   45     -9.0390922177E-04  -7.3701366570E-04   2.3783192018E-04  -5.7250791752E-05   2.8230452584E-04
   46      7.2381865267E-04   6.8297019860E-04  -1.5490277292E-04   9.1084862741E-05  -2.6129064172E-04
   47      7.1075183006E-05   1.5899431731E-04   5.4028051027E-05  -1.7334389700E-04  -8.8753816130E-05
                    5                  6                  7                  8                  9        
    0      4.9908892475E-02  -8.7490727155E-03  -7.9258965080E-02   5.6307656115E-03  -5.3246966795E-02
    1      1.5004728521E-02  -3.7219873255E-02   1.1174287649E-02   6.6126996528E-03   1.7435173764E-02
    2     -6.5595277800E-02   3.7944098521E-03   1.4337227272E-02   8.2535250804E-04   8.7540466886E-03
    3     -1.0077163223E-01  -1.4984766715E-01  -3.5157503523E-02   1.9202472920E-02   5.4954326453E-02
    4     -1.9063094455E-02  -9.5667190303E-02  -3.1341600616E-01   2.9576954772E-02   4.0516824988E-02
    5      1.4534372472E-01   2.1974346923E-02   1.8321348904E-02  -5.9976677701E-02  -1.1646469656E-02
    6      2.1974346923E-02   7.2365315331E-01   1.3518904311E-02  -1.1191724870E-01  -2.0839467564E-01
    7      1.8321348904E-02   1.3518904311E-02   6.6264602560E-01  -2.7054096970E-02   6.8614464048E-02
    8     -5.9976677701E-02  -1.1191724870E-01  -2.7054096970E-02   1.4674507089E-01   2.5111652579E-02
    9     -1.1646469656E-02  -2.0839467564E-01   6.8614464048E-02   2.5111652579E-02   6.5988932845E-01
   10      2.5566280231E-03   1.2970197813E-01  -2.4669538398E-01  -1.5446646453E-02   2.2248492239E-02
   11      4.1041538759E-03   2.2504878497E-02  -4.2283854705E-03  -5.9181125855E-02  -1.0041111044E-01
   12      7.1935601262E-03  -4.3455698581E-02   5.7811992053E-02   5.8369376231E-03  -3.3069827334E-01
   13      6.1546242274E-03   1.6738910844E-02   4.6890436582E-02  -5.2305971710E-03  -4.5669499813E-03
   14     -3.0489505955E-03   7.6558959742E-03  -1.2792280030E-02   8.7508162147E-04   5.1954943193E-02
   15      7.4049305218E-03   1.6170993311E-03   9.4334317018E-03  -1.1600319618E-03  -1.2773831667E-02
   16     -1.2175777911E-02   1.1318210096E-02  -6.2599168813E-02   6.1399244048E-04  -7.7539343688E-02
   17      1.8440376762E-03  -1.2464909497E-03   9.8578715237E-04  -2.2320279143E-03   5.6186412825E-03
   18      9.1278429605E-04  -3.0497869563E-03   1.9780341529E-03   2.5877278327E-04   8.9170855855E-03
   19     -1.1908852349E-05   1.2592978208E-03  -1.1506446765E-03  -2.4252684829E-04  -1.1478436232E-03
   20      7.6225731570E-03   2.6463337580E-04  -3.9273676939E-04  -1.4845649488E-03  -4.2645371524E-04
   21      4.4175998743E-04  -1.4283152439E-05   6.2992198033E-04  -1.9057130429E-06  -9.0155946983E-04
   22      5.4308884601E-05  -1.0013187781E-03   1.4849919319E-03   9.2584373090E-05   3.0917835973E-03
   23     -2.6462717673E-04  -3.6019313421E-06  -1.7476285941E-04  -4.1960490182E-05  -4.9741559793E-05
   24      2.7193748162E-03  -5.3937322025E-03   2.5088247314E-04   2.4237694621E-03  -1.2150046477E-03
   25     -7.1030215243E-05  -6.7622956998E-04   1.6383101878E-03   3.9813593481E-04   8.0420430311E-04
   26      1.5607068823E-03   2.4880748117E-03   3.2756697429E-04   7.3888662803E-03  -4.8090025456E-05
   27      1.8883413264E-02   1.0607212857E-02  -1.0008824884E-02  -1.1717339899E-03   6.0431885693E-04
   28     -1.6673858665E-02   2.1303180372E-02  -1.7423286962E-02  -3.0364967536E-03  -3.3659782223E-03
   29     -3.8218568268E-02  -2.5485243209E-03   2.7428249385E-03   2.4267387599E-03   1.6074642950E-03
   30      1.3824129182E-03  -3.2315315144E-01  -4.6445300316E-02   5.5859508976E-02  -1.4624874679E-02
   31      5.6863327105E-03  -4.6367863623E-02  -6.8300164536E-02   1.0182729002E-02   2.4780988088E-02
   32      1.2859769932E-03   5.5770348808E-02   1.0190609222E-02  -4.5538002686E-02   1.9461593402E-03
   33      1.6551384704E-03   1.0878925121E-02   2.0352754331E-02  -2.6117656508E-03  -8.9172938177E-02
   34     -2.7058566795E-04  -1.0919145546E-02  -1.7769570417E-02   2.8894959801E-03  -8.6376510854E-02
   35      7.3440574245E-03  -1.1588851428E-03  -2.8765025949E-03   2.2310157547E-03   1.3888844523E-02
   36     -1.1515230049E-04  -4.7346205073E-03  -2.4387205584E-03   2.5679600072E-03  -1.4820628536E-02
   37      1.2933096101E-04  -1.5811716470E-03   1.2201358810E-03   6.1091579425E-04  -5.7062822138E-03
   38     -1.3122750486E-03   2.5384931098E-03   7.2320475196E-04   7.9944244521E-03   3.4883873601E-03
   39      3.7864441194E-06   1.1203655794E-04   2.6054600554E-04   1.2112211545E-05   3.0752170653E-04
   40      6.2537821049E-05   8.0579266548E-05   2.1351457804E-04   1.2558483109E-05   1.4472720991E-04
   41     -1.8481763673E-04  -8.5761867052E-07  -4.9955290277E-05   1.9950409387E-04  -6.5624648965E-05
   42      1.2743143304E-05  -2.3852630163E-05  -1.3753666611E-05  -1.3372613947E-05   3.2438073003E-05
   43      2.8827711335E-05  -1.7252420728E-04   2.1936796635E-05   2.9767504861E-05  -4.7542517434E-05
   44      4.8148737919E-05  -9.1750680151E-06   9.3833597725E-06  -9.7092159804E-05  -6.7722548468E-05
   45     -1.4609112376E-04   1.4368266115E-04  -1.5060522573E-05  -9.1590965923E-06  -3.7986154533E-05
   46     -4.3668087873E-05  -8.4270469602E-05  -2.5334200815E-05   2.2181609682E-05   4.0907162835E-05
   47     -7.1465862943E-04   2.1367111197E-05  -9.1389384393E-06   1.5501311491E-04   1.7353367981E-05
                   10                 11                 12                 13                 14        
    0      1.9814074162E-02   8.2224636729E-03   5.0961455587E-02   3.6231239355E-02  -1.0480150953E-02
    1     -7.7237998156E-03  -2.8612146060E-03   2.8568632279E-03  -5.1576426234E-02   2.0295705649E-03
    2     -3.4559086515E-03  -3.5673425151E-03  -8.9003156457E-03  -4.1749956898E-03   5.4728755788E-03
    3      2.3126225215E-04  -9.6441372820E-03  -3.3227203047E-02  -2.7658788518E-02   7.1564131319E-03
    4     -5.4901665610E-02  -4.7856496407E-03  -2.9344732460E-02  -2.5066179029E-02   6.5053426861E-03
    5      2.5566280231E-03   4.1041538759E-03   7.1935601262E-03   6.1546242274E-03  -3.0489505955E-03
    6      1.2970197813E-01   2.2504878497E-02  -4.3455698581E-02   1.6738910844E-02   7.6558959742E-03
    7     -2.4669538398E-01  -4.2283854705E-03   5.7811992053E-02   4.6890436582E-02  -1.2792280030E-02
    8     -1.5446646453E-02  -5.9181125855E-02   5.8369376231E-03  -5.2305971710E-03   8.7508162147E-04
    9      2.2248492239E-02  -1.0041111044E-01  -3.3069827334E-01  -4.5669499813E-03   5.1954943193E-02
   10      7.3212655304E-01  -3.1471030612E-02  -6.5630927627E-02  -1.3431858627E-01   1.5864604294E-02
   11     -3.1471030612E-02   1.4552586748E-01   5.4771898941E-02   4.5358213464E-03  -6.3360828647E-02
   12     -6.5630927627E-02   5.4771898941E-02   6.9418079245E-01  -4.2154982824E-02  -1.0400217537E-01
   13     -1.3431858627E-01   4.5358213464E-03  -4.2154982824E-02   6.9190392591E-01  -1.7811136265E-02
   14      1.5864604294E-02  -6.3360828647E-02  -1.0400217537E-01  -1.7811136265E-02   1.4611172257E-01
   15     -3.5468531886E-02   4.2523628860E-03  -1.3658067097E-01  -7.5203469939E-02   1.7344104856E-02
   16      1.4135900681E-02   1.3629056471E-02  -2.7845912632E-02  -2.8720217493E-01   1.5407041752E-02
   17      5.9994289369E-03   4.0051412495E-04   1.5250050340E-02   2.4206211087E-02  -6.4601672709E-02
   18     -1.3760488961E-03  -2.4686240275E-04  -1.9771807380E-02  -1.9383635828E-02   5.0209425489E-03
   19     -6.2456370291E-03   8.4499416113E-04  -3.2643182779E-02  -1.0009655036E-03   6.1842074249E-03
   20      8.6257390788E-04   6.7029791282E-03   5.6032583603E-03   3.8220527733E-03   1.0234394991E-03
   21      1.1562422133E-03   2.6109676998E-05   1.3734267202E-03   4.1234128815E-03  -1.7937243297E-04
   22     -9.5119287453E-04  -5.4021490604E-04  -4.6151735503E-03  -2.5037375773E-03   1.0686953185E-03
   23     -2.1412881556E-04  -5.6478594913E-04   3.1228908614E-04  -4.9628864873E-04   1.4908041050E-03
   24      5.9205975589E-04  -3.8080832188E-05  -1.9249491212E-03   3.4527926629E-03   1.4017657122E-03
   25      5.6679338512E-04  -2.5535856538E-04   4.0199311839E-03  -2.3606872415E-03  -3.4152094417E-04
   26     -2.2187610312E-04  -1.1936259262E-03   1.4552351335E-03  -1.9917507713E-04   6.3188409071E-03
   27     -2.5940758674E-03   1.5582049147E-03  -5.5646885631E-04  -1.1500426353E-03  -7.8800444869E-05
   28     -4.4018552743E-03   1.1276057212E-03  -1.1592046012E-03  -1.1239209359E-04   1.4704773918E-04
   29      1.0301427679E-03   7.6882537543E-03  -9.3747413071E-05   1.9200866553E-04  -1.2830612479E-03
   30     -6.5699862595E-03   3.3380415134E-03  -2.9653675950E-04   3.8899760765E-03   1.3014340583E-03
   31      8.7050568711E-03  -4.9374696554E-03   3.0440592500E-03  -3.5558312352E-03  -5.1500025630E-05
   32      8.3524624105E-04   1.1887764727E-03   1.2885358924E-03  -2.5312287622E-04   7.4597818338E-03
   33     -8.6008848897E-02   1.3865011617E-02  -5.7138733000E-03  -3.0528349712E-02   2.7745748260E-03
   34     -3.0775256361E-01   2.8386994322E-02   8.1439543336E-04  -1.2810404410E-03  -9.6466314631E-06
   35      2.8280899831E-02  -3.9460974322E-02   1.3639472635E-03   5.8392761699E-03   1.3208489468E-03
   36      2.6164055371E-02   1.9898253777E-03  -1.6679113484E-01   1.3523148069E-01   1.8394788977E-02
   37      7.6421033614E-03   8.5433374725E-04   1.3639746542E-01  -2.2959452623E-01  -1.6618470545E-02
   38     -5.1347592524E-03   1.9709160099E-03   1.8320525493E-02  -1.6313826139E-02  -3.7953192891E-02
   39     -1.6731312204E-03   2.5769297951E-05  -5.7537952315E-03   9.7027676969E-04   1.4527391299E-03
   40     -4.3729293382E-04  -1.2756830647E-05  -9.7981291094E-04   1.1579114013E-03   2.3938128670E-04
   41      3.2243738292E-04   4.0059377626E-05   1.5882112999E-03  -7.8936935877E-05   2.0060456407E-03
   42     -2.9690304344E-04  -5.7473787213E-05  -8.9197268761E-04   9.6936196262E-04   4.0774059784E-05
   43      4.9008166756E-04  -6.5504477886E-05  -1.6860486007E-05  -1.5877888329E-04   6.8257157149E-07
   44      3.2006531217E-06  -3.4674714154E-04   1.1433337353E-04  -1.3144977947E-04  -3.6277053972E-04
   45     -2.2896657592E-05   3.4131977267E-05   2.5624303286E-04   3.0655531886E-04  -1.5041326897E-04
   46      4.3661736810E-04  -1.8384681699E-05  -8.4212261120E-05  -9.2797651382E-04   3.1923329397E-05
   47      2.7359748245E-06   5.7964272793E-05  -1.5891979881E-04  -9.9830592259E-05  -3.5864083749E-04
                   15                 16                 17                 18                 19        
    0     -1.9501434688E-01   6.4639642391E-02   2.1703132225E-02  -3.7765235694E-02   2.8965517119E-02
    1      1.2018128304E-01  -2.3964646596E-01  -1.4282186539E-02   5.4313779241E-03   8.3415055887E-03
    2      1.9353502399E-02  -4.1895576634E-03  -6.4208833573E-02   7.3387642237E-03  -5.6049205076E-03
    3     -4.1292464772E-02   5.4884727206E-02   5.3407808033E-03   2.0967543835E-03   3.1154346013E-03
    4      1.5462300078E-02   4.6358687740E-02  -4.9874389374E-03   3.7067672340E-03  -4.5496414756E-03
    5      7.4049305218E-03  -1.2175777911E-02   1.8440376762E-03   9.1278429605E-04  -1.1908852349E-05
    6      1.6170993311E-03   1.1318210096E-02  -1.2464909497E-03  -3.0497869563E-03   1.2592978208E-03
    7      9.4334317018E-03  -6.2599168813E-02   9.8578715237E-04   1.9780341529E-03  -1.1506446765E-03
    8     -1.1600319618E-03   6.1399244048E-04  -2.2320279143E-03   2.5877278327E-04  -2.4252684829E-04
    9     -1.2773831667E-02  -7.7539343688E-02   5.6186412825E-03   8.9170855855E-03  -1.1478436232E-03
   10     -3.5468531886E-02   1.4135900681E-02   5.9994289369E-03  -1.3760488961E-03  -6.2456370291E-03
   11      4.2523628860E-03   1.3629056471E-02   4.0051412495E-04  -2.4686240275E-04   8.4499416113E-04
   12     -1.3658067097E-01  -2.7845912632E-02   1.5250050340E-02  -1.9771807380E-02  -3.2643182779E-02
   13     -7.5203469939E-02  -2.8720217493E-01   2.4206211087E-02  -1.9383635828E-02  -1.0009655036E-03
   14      1.7344104856E-02   1.5407041752E-02  -6.4601672709E-02   5.0209425489E-03   6.1842074249E-03
   15      6.3414226993E-01  -5.4622225491E-03  -8.8362714438E-02  -2.1749067250E-01  -4.4248725956E-02
   16     -5.4622225491E-03   6.7152758607E-01  -2.2330011152E-02  -2.2794608759E-02  -1.1458800663E-01
   17     -8.8362714438E-02  -2.2330011152E-02   1.6197068914E-01   2.9758957461E-02   1.0943602726E-02
   18     -2.1749067250E-01  -2.2794608759E-02   2.9758957461E-02   6.7576453253E-01  -1.2166031616E-01
   19     -4.4248725956E-02  -1.1458800663E-01   1.0943602726E-02  -1.2166031616E-01   7.4182518847E-01
   20      3.1124239812E-02   6.7139799166E-03  -6.6513618242E-02  -9.5198866238E-02  -7.5215462970E-03
   21     -3.7913389267E-02   1.9695056015E-02   6.3028123542E-03  -3.3186213963E-01   2.0714970086E-01
   22      6.7934185848E-03   1.5973454664E-02  -1.3612249221E-03   1.9458194862E-01  -2.9965625728E-01
   23      7.4820517536E-03  -4.1744762828E-03   3.6920906744E-03   4.2561721748E-02  -2.5759379784E-02
   24      8.9710580964E-03   1.8524636614E-02  -1.9596018444E-03   9.9242916231E-04   2.2446240339E-03
   25     -1.0904619374E-02  -1.9314177711E-02   3.2008040900E-03  -2.1454138641E-03   3.9224698223E-04
   26     -6.8040345308E-04  -2.3910926680E-03   2.8677996652E-03  -8.8251078225E-04  -5.8959369118E-04
   27     -4.3678117233E-03  -2.5954427506E-03   2.5024897775E-03  -3.4167466174E-04   1.5642591295E-03
   28     -1.7561192844E-03   1.3331184856E-03   5.3076347519E-04  -2.3206626930E-04   2.0449993223E-04
   29      2.4036181624E-03   7.2213214888E-04   7.5353986223E-03   8.9641938433E-05  -2.9205718640E-04
   30      7.0005842083E-04   4.3841080521E-04  -3.0655572584E-04  -1.5103269595E-04  -1.3563402979E-05
   31      3.4884834260E-04  -1.5843594526E-03  -4.4113570447E-05   3.8533315871E-06   1.5498665233E-04
   32     -4.3714541839E-04  -8.0163269439E-05  -1.4955632192E-03  -1.3275288437E-04  -6.4705956765E-05
   33     -5.2825709373E-03   8.2697440940E-05   2.6170696717E-03   3.2077357321E-04  -1.5400836811E-03
   34     -5.0443619228E-04   1.9410296673E-03   4.8032755423E-04   1.5474838280E-04  -1.0443015857E-04
   35      2.6189352178E-03   3.6859230644E-04   8.1293713776E-03  -7.4277363410E-05   3.0575277382E-04
   36      1.1293940054E-02  -7.5790640735E-03  -1.1432770491E-03  -6.0568632005E-04   7.6785236001E-04
   37      2.0879608379E-02  -1.8346441238E-02  -3.2468361937E-03   1.4373002731E-03   8.8132602682E-04
   38     -2.6319536019E-03   2.3078811055E-03   2.6123138741E-03  -5.7167667960E-04  -3.1223975782E-04
   39     -5.9216479108E-03  -2.9588783429E-02   2.9235325852E-03  -6.8404919279E-02  -5.8179326939E-02
   40      6.4658874521E-05  -6.8506665332E-03  -1.0683986545E-04  -5.7441775703E-02  -3.1503947351E-01
   41      1.5427201359E-03   5.9625965682E-03   2.1680967901E-03   8.0119851855E-03   2.4292844742E-02
   42      4.6327967034E-04  -1.0677505178E-03  -1.3502968266E-03   9.9662551252E-03   2.4752728571E-02
   43     -1.6281526590E-03   2.2474410066E-05  -3.9463353368E-04  -5.1248128403E-03  -1.8494046251E-02
   44     -1.2781586423E-03  -1.1866453922E-04  -6.6521017572E-03  -6.4603968158E-04  -3.3864776697E-03
   45      2.2836314812E-04   3.7535301106E-03   2.2603212711E-03  -1.8639353727E-02  -1.0206086193E-02
   46      1.8626261774E-03  -2.8906189336E-03   4.7722925365E-04   2.3518378322E-02   9.0549259288E-03
   47      2.0290672940E-03  -3.3077547229E-05   1.1179245021E-02   3.0143777744E-03   1.6823247935E-03
                   20                 21                 22                 23                 24        
    0      6.3336720586E-03   2.8317685681E-04  -3.9348649182E-03   6.0564300128E-04  -8.8518936665E-02
    1     -1.3024265446E-03  -6.2054037726E-03  -1.2305783945E-04   1.1751718292E-03  -8.6058845649E-02
    2      1.9821064719E-03   5.2305442326E-04   8.7149038763E-04   1.7827077966E-03   1.3871219083E-02
    3      8.1543166481E-04  -2.4514366837E-03  -5.7188328799E-04   4.8778487208E-04  -5.2593753974E-03
    4     -1.6418603772E-04  -1.2349136025E-05   8.6466554274E-04  -1.7056987045E-05  -3.0480146052E-02
    5      7.6225731570E-03   4.4175998743E-04   5.4308884601E-05  -2.6462717673E-04   2.7193748162E-03
    6      2.6463337580E-04  -1.4283152439E-05  -1.0013187781E-03  -3.6019313421E-06  -5.3937322025E-03
    7     -3.9273676939E-04   6.2992198033E-04   1.4849919319E-03  -1.7476285941E-04   2.5088247314E-04
    8     -1.4845649488E-03  -1.9057130429E-06   9.2584373090E-05  -4.1960490182E-05   2.4237694621E-03
    9     -4.2645371524E-04  -9.0155946983E-04   3.0917835973E-03  -4.9741559793E-05  -1.2150046477E-03
   10      8.6257390788E-04   1.1562422133E-03  -9.5119287453E-04  -2.1412881556E-04   5.9205975589E-04
   11      6.7029791282E-03   2.6109676998E-05  -5.4021490604E-04  -5.6478594913E-04  -3.8080832188E-05
   12      5.6032583603E-03   1.3734267202E-03  -4.6151735503E-03   3.1228908614E-04  -1.9249491212E-03
   13      3.8220527733E-03   4.1234128815E-03  -2.5037375773E-03  -4.9628864873E-04   3.4527926629E-03
   14      1.0234394991E-03  -1.7937243297E-04   1.0686953185E-03   1.4908041050E-03   1.4017657122E-03
   15      3.1124239812E-02  -3.7913389267E-02   6.7934185848E-03   7.4820517536E-03   8.9710580964E-03
   16      6.7139799166E-03   1.9695056015E-02   1.5973454664E-02  -4.1744762828E-03   1.8524636614E-02
   17     -6.6513618242E-02   6.3028123542E-03  -1.3612249221E-03   3.6920906744E-03  -1.9596018444E-03
   18     -9.5198866238E-02  -3.3186213963E-01   1.9458194862E-01   4.2561721748E-02   9.9242916231E-04
   19     -7.5215462970E-03   2.0714970086E-01  -2.9965625728E-01  -2.5759379784E-02   2.2446240339E-03
   20      1.4900716789E-01   4.2260058881E-02  -2.3661779791E-02  -5.5770620640E-02  -9.9371993613E-04
   21      4.2260058881E-02   7.3425766464E-01  -9.0791730493E-02  -1.1225729749E-01   4.3710637498E-05
   22     -2.3661779791E-02  -9.0791730493E-02   7.2582450147E-01  -1.4306737704E-02  -2.9991860516E-04
   23     -5.5770620640E-02  -1.1225729749E-01  -1.4306737704E-02   1.2425405339E-01  -6.2387091604E-06
   24     -9.9371993613E-04   4.3710637498E-05  -2.9991860516E-04  -6.2387091604E-06   9.1685796911E-02
   25      2.6383229174E-04   5.1053068049E-04   5.3566424003E-04  -1.4681094750E-04   9.2648443069E-02
   26     -3.7471094169E-03  -4.2259752236E-05   3.7559306770E-05  -2.6152705612E-06  -1.6539734027E-02
   27      4.6491369668E-05  -5.0895950983E-04  -2.9351465753E-04   7.5489390672E-05   9.8684005911E-04
   28      3.0646984980E-05  -4.7926269930E-05  -5.9284508591E-05   2.3590937392E-05   3.2300348203E-04
   29      2.2605321797E-04   6.5189821430E-05   6.7876670798E-05  -9.2074584448E-05  -9.0362645284E-04
   30     -1.3698217906E-04  -6.7329474218E-05   8.6707574365E-05  -9.8294425599E-06  -4.4768275707E-04
   31     -4.6009004276E-05   4.6265950432E-05   6.8966172495E-06  -1.3773302926E-05  -1.5205166152E-03
   32     -1.0498217875E-03   4.3669160321E-05  -2.7286750265E-05   7.2853358873E-05   1.8536753978E-04
   33      5.4802683541E-05  -4.8743743863E-05   3.2774108250E-05   6.6589831649E-06   5.2897574154E-05
   34      1.3186506437E-05  -1.0602640161E-04  -2.4267407217E-05  -7.4400124839E-06  -1.6447001711E-04
   35      1.9673935054E-04  -1.3005297950E-07   1.0894154445E-05   5.4502593055E-05  -2.0252351376E-04
   36     -4.7495655281E-04  -6.7519657003E-04  -1.0539898231E-03   1.5245789641E-04   3.9291838703E-04
   37     -4.7914131892E-04   1.8390062717E-05  -4.4788060296E-04   5.9418266640E-06   1.0414697581E-03
   38     -2.9890983339E-03   1.0388037437E-04   1.9477994937E-04  -1.9759516703E-04  -3.5417411068E-05
   39      8.1623281570E-03   6.5152512695E-03   2.6990411579E-02  -1.5118018080E-03  -2.9285252400E-04
   40      2.4253372116E-02  -5.4258481988E-03  -1.9816966233E-02   2.2618843037E-03  -4.9397051359E-04
   41     -4.2799962425E-02   6.9296891336E-05  -3.7270295830E-03   5.7862106340E-03   1.1155171099E-04
   42     -2.1345088921E-03  -6.4532672327E-02  -4.2631173106E-02   7.5198049435E-03   1.0663950700E-04
   43      2.0829620640E-03  -3.9038377268E-02  -3.3269830394E-01   2.2007602140E-02  -8.1989454837E-05
   44      5.4356474208E-03   7.2619963200E-03   2.2763931086E-02  -3.7754977694E-02   8.8723528219E-06
   45      4.7321796849E-03  -3.0399203205E-01  -8.6033415292E-02   5.4683059144E-02   3.8135485103E-05
   46     -4.5897976105E-03  -9.1541475921E-02  -8.8485282434E-02   1.9774681890E-02  -5.6443920760E-06
   47      3.3778587790E-03   5.4965858913E-02   1.8690626339E-02  -4.2393755519E-02   3.5938077819E-05
                   25                 26                 27                 28                 29        
    0     -8.5114141065E-02   1.3803364950E-02  -1.4373716951E-02  -5.4871994070E-03   3.3112266155E-03
    1     -3.0361021305E-01   2.8109646520E-02   2.5952083461E-02   7.8099455072E-03  -5.1269109283E-03
    2      2.8072650041E-02  -3.8988667719E-02   1.8852383766E-03   7.0014145410E-04   1.4981081593E-03
    3      1.2374865601E-03   1.3005040658E-03  -1.7075788601E-01   1.3694372842E-01   1.8861384513E-02
    4     -1.1300940323E-03   5.8324236758E-03   1.3704694625E-01  -2.2753621777E-01  -1.6607290945E-02
    5     -7.1030215243E-05   1.5607068823E-03   1.8883413264E-02  -1.6673858665E-02  -3.8218568268E-02
    6     -6.7622956998E-04   2.4880748117E-03   1.0607212857E-02   2.1303180372E-02  -2.5485243209E-03
    7      1.6383101878E-03   3.2756697429E-04  -1.0008824884E-02  -1.7423286962E-02   2.7428249385E-03
    8      3.9813593481E-04   7.3888662803E-03  -1.1717339899E-03  -3.0364967536E-03   2.4267387599E-03
    9      8.0420430311E-04  -4.8090025456E-05   6.0431885693E-04  -3.3659782223E-03   1.6074642950E-03
   10      5.6679338512E-04  -2.2187610312E-04  -2.5940758674E-03  -4.4018552743E-03   1.0301427679E-03
   11     -2.5535856538E-04  -1.1936259262E-03   1.5582049147E-03   1.1276057212E-03   7.6882537543E-03
   12      4.0199311839E-03   1.4552351335E-03  -5.5646885631E-04  -1.1592046012E-03  -9.3747413071E-05
   13     -2.3606872415E-03  -1.9917507713E-04  -1.1500426353E-03  -1.1239209359E-04   1.9200866553E-04
   14     -3.4152094417E-04   6.3188409071E-03  -7.8800444869E-05   1.4704773918E-04  -1.2830612479E-03
   15     -1.0904619374E-02  -6.8040345308E-04  -4.3678117233E-03  -1.7561192844E-03   2.4036181624E-03
   16     -1.9314177711E-02  -2.3910926680E-03  -2.5954427506E-03   1.3331184856E-03   7.2213214888E-04
   17      3.2008040900E-03   2.8677996652E-03   2.5024897775E-03   5.3076347519E-04   7.5353986223E-03
   18     -2.1454138641E-03  -8.8251078225E-04  -3.4167466174E-04  -2.3206626930E-04   8.9641938433E-05
   19      3.9224698223E-04  -5.8959369118E-04   1.5642591295E-03   2.0449993223E-04  -2.9205718640E-04
   20      2.6383229174E-04  -3.7471094169E-03   4.6491369668E-05   3.0646984980E-05   2.2605321797E-04
   21      5.1053068049E-04  -4.2259752236E-05  -5.0895950983E-04  -4.7926269930E-05   6.5189821430E-05
   22      5.3566424003E-04   3.7559306770E-05  -2.9351465753E-04  -5.9284508591E-05   6.7876670798E-05
   23     -1.4681094750E-04  -2.6152705612E-06   7.5489390672E-05   2.3590937392E-05  -9.2074584448E-05
   24      9.2648443069E-02  -1.6539734027E-02   9.8684005911E-04   3.2300348203E-04  -9.0362645284E-04
   25      3.2244823467E-01  -3.0729317097E-02  -4.8143551172E-04   9.0939091004E-04  -1.0093600867E-04
   26     -3.0729317097E-02   2.9438112206E-02  -8.5817641068E-04  -3.1300040349E-04  -3.7369188994E-03
   27     -4.8143551172E-04  -8.5817641068E-04   1.7814670528E-01  -1.4772378627E-01  -2.1592881061E-02
   28      9.0939091004E-04  -3.1300040349E-04  -1.4772378627E-01   2.3935224282E-01   1.7669940418E-02
   29     -1.0093600867E-04  -3.7369188994E-03  -2.1592881061E-02   1.7669940418E-02   2.8626513585E-02
   30      2.4178504265E-04   7.5549219941E-05   6.0017004464E-04  -3.0541276783E-04  -8.5756347840E-04
   31     -1.2827398209E-04   2.9383736110E-04   5.6052765988E-04   1.0956375873E-03  -3.4203977155E-04
   32     -2.4921886083E-05   1.3271728789E-04  -8.2993058277E-04  -2.0100921211E-04  -3.7196637931E-03
   33     -4.8771885452E-05  -2.1432393613E-04   3.8172659416E-04   1.1033709153E-03  -9.0420594531E-05
   34      1.0641920363E-04  -5.9850058076E-05  -6.1042730894E-04  -9.4912889281E-04   1.8088924885E-04
   35     -7.7589719161E-05  -9.9775966486E-04  -6.9019101989E-06  -1.7005018622E-04   1.5202712953E-04
   36     -7.3075728220E-04   5.2670383294E-05   8.3325024658E-06   9.2423788955E-05  -2.4233684158E-04
   37     -9.7068172882E-04  -1.5817545542E-04   1.1457564435E-04   4.1793954031E-05  -4.5486158945E-05
   38      2.1973354300E-04   3.9276136683E-04  -2.4238689949E-04  -4.2046260607E-05  -1.1075214487E-03
   39      1.1879151833E-03   2.5601700177E-05  -2.4491987638E-05   3.2688897145E-06  -2.1685526430E-06
   40      7.5927522616E-04   3.8666601365E-05  -5.4454497511E-05   1.0947170059E-05  -1.4221473776E-06
   41     -2.6832245194E-04   1.8538870692E-04  -1.9152068709E-06   2.7398684210E-06  -2.4037032970E-05
   42     -1.4124455963E-04   1.3878985308E-05   2.9786071767E-05  -1.1761379370E-05  -6.3965498232E-06
   43      2.6638753718E-04  -1.1265602118E-05   1.3782490682E-05   1.4213191113E-05  -5.8438916345E-06
   44      5.8545911868E-07   1.5316080126E-04  -8.3059302713E-06   4.2735893158E-06   7.3799619221E-06
   45     -3.4193200849E-05   4.5898984052E-05  -1.1245119729E-04  -2.5198403719E-05   2.4743513830E-05
   46     -1.5003160048E-05   1.6578611661E-05   1.0610885083E-04   9.4660812744E-06  -2.0103137360E-05
   47      4.9135219987E-05   1.7667765543E-04   2.0680811674E-05  -6.4079160644E-06  -3.2116624726E-05
                   30                 31                 32                 33                 34        
    0      1.6489041051E-03  -1.3319803567E-03   1.2076910964E-03  -1.2937813955E-03   7.7991466449E-04
    1     -1.9970417064E-03  -5.3641223807E-03   1.0128851300E-03   7.1183245244E-04   6.1668806683E-04
    2      1.2217647132E-03   8.4655924542E-04   7.9407621129E-03  -2.9506247573E-05  -2.2536721563E-04
    3     -5.9849451321E-03  -3.0241107634E-02   2.8600532430E-03  -2.0973038237E-03   3.9300174873E-03
    4      1.1294711516E-03   1.9384479634E-04  -6.4042086756E-05   3.5606137379E-03  -1.9771321813E-03
    5      1.3824129182E-03   5.6863327105E-03   1.2859769932E-03   1.6551384704E-03  -2.7058566795E-04
    6     -3.2315315144E-01  -4.6367863623E-02   5.5770348808E-02   1.0878925121E-02  -1.0919145546E-02
    7     -4.6445300316E-02  -6.8300164536E-02   1.0190609222E-02   2.0352754331E-02  -1.7769570417E-02
    8      5.5859508976E-02   1.0182729002E-02  -4.5538002686E-02  -2.6117656508E-03   2.8894959801E-03
    9     -1.4624874679E-02   2.4780988088E-02   1.9461593402E-03  -8.9172938177E-02  -8.6376510854E-02
   10     -6.5699862595E-03   8.7050568711E-03   8.3524624105E-04  -8.6008848897E-02  -3.0775256361E-01
   11      3.3380415134E-03  -4.9374696554E-03   1.1887764727E-03   1.3865011617E-02   2.8386994322E-02
   12     -2.9653675950E-04   3.0440592500E-03   1.2885358924E-03  -5.7138733000E-03   8.1439543336E-04
   13      3.8899760765E-03  -3.5558312352E-03  -2.5312287622E-04  -3.0528349712E-02  -1.2810404410E-03
   14      1.3014340583E-03  -5.1500025630E-05   7.4597818338E-03   2.7745748260E-03  -9.6466314631E-06
   15      7.0005842083E-04   3.4884834260E-04  -4.3714541839E-04  -5.2825709373E-03  -5.0443619228E-04
   16      4.3841080521E-04  -1.5843594526E-03  -8.0163269439E-05   8.2697440940E-05   1.9410296673E-03
   17     -3.0655572584E-04  -4.4113570447E-05  -1.4955632192E-03   2.6170696717E-03   4.8032755423E-04
   18     -1.5103269595E-04   3.8533315871E-06  -1.3275288437E-04   3.2077357321E-04   1.5474838280E-04
   19     -1.3563402979E-05   1.5498665233E-04  -6.4705956765E-05  -1.5400836811E-03  -1.0443015857E-04
   20     -1.3698217906E-04  -4.6009004276E-05  -1.0498217875E-03   5.4802683541E-05   1.3186506437E-05
   21     -6.7329474218E-05   4.6265950432E-05   4.3669160321E-05  -4.8743743863E-05  -1.0602640161E-04
   22      8.6707574365E-05   6.8966172495E-06  -2.7286750265E-05   3.2774108250E-05  -2.4267407217E-05
   23     -9.8294425599E-06  -1.3773302926E-05   7.2853358873E-05   6.6589831649E-06  -7.4400124839E-06
   24     -4.4768275707E-04  -1.5205166152E-03   1.8536753978E-04   5.2897574154E-05  -1.6447001711E-04
   25      2.4178504265E-04  -1.2827398209E-04  -2.4921886083E-05  -4.8771885452E-05   1.0641920363E-04
   26      7.5549219941E-05   2.9383736110E-04   1.3271728789E-04  -2.1432393613E-04  -5.9850058076E-05
   27      6.0017004464E-04   5.6052765988E-04  -8.2993058277E-04   3.8172659416E-04  -6.1042730894E-04
   28     -3.0541276783E-04   1.0956375873E-03  -2.0100921211E-04   1.1033709153E-03  -9.4912889281E-04
   29     -8.5756347840E-04  -3.4203977155E-04  -3.7196637931E-03  -9.0420594531E-05   1.8088924885E-04
   30      3.4199615184E-01   5.0007898432E-02  -6.1270804304E-02   7.4068737089E-04   1.6416952846E-04
   31      5.0007898432E-02   6.7402159361E-02  -1.1240485843E-02  -6.7629174851E-04   1.0323686005E-03
   32     -6.1270804304E-02  -1.1240485843E-02   3.7050407296E-02  -7.6159365670E-04  -2.0397556709E-04
   33      7.4068737089E-04  -6.7629174851E-04  -7.6159365670E-04   9.0574986740E-02   9.2814989427E-02
   34      1.6416952846E-04   1.0323686005E-03  -2.0397556709E-04   9.2814989427E-02   3.2567493723E-01
   35     -8.5702785289E-04  -9.5483684748E-05  -3.4651059971E-03  -1.6286907435E-02  -3.0877363941E-02
   36     -7.9902311214E-04   1.2913390248E-03   1.0079344707E-04   1.0128266410E-03  -3.4110919054E-04
   37     -3.6468862072E-04   1.9624275942E-04   5.2363758757E-05   3.1829245225E-04   8.5553941385E-04
   38      1.4535630379E-04  -2.5371294160E-04   1.0453478472E-05  -9.7539078805E-04  -1.4040849470E-04
   39      2.4873352999E-05   1.0781349352E-04  -3.1696335445E-06  -4.6194578116E-04  -5.2192941868E-05
   40     -5.0508154503E-05   6.9974609862E-05   2.6144024678E-05  -1.5214018045E-04  -2.8655674367E-05
   41     -1.4987698660E-05  -2.6462670888E-05   1.6511677275E-05   3.1498424258E-05  -1.8727405876E-05
   42      5.0092177870E-05  -3.7518237897E-05   3.2554282003E-05  -1.1449863041E-05   1.7001189367E-05
   43     -8.1040879119E-05   5.8640455086E-05   4.0288331377E-05   1.7965706434E-05  -3.6905972012E-05
   44      2.5929763385E-05   1.1379936432E-05   1.9288928658E-04   2.8616982992E-06  -1.0035780804E-05
   45      2.3280736672E-05  -2.7589401441E-05  -3.8981072031E-05  -2.1060192801E-05   1.0017540530E-05
   46     -1.2318519005E-05   3.3307699832E-05  -8.9965827565E-06   6.0493184584E-05   3.8278764769E-05
   47      1.0439220510E-05   5.7230568340E-06  -7.4284729684E-05   1.0115813387E-05   2.7917042628E-05
                   35                 36                 37                 38                 39        
    0     -2.7059675201E-05   1.9116549804E-04  -3.6118883821E-03   1.4926833727E-03   1.1900762882E-03
    1     -2.4632447273E-04  -2.5741692894E-03  -4.2718117217E-03   9.6008481117E-04  -2.3680062629E-03
    2     -1.2748984265E-03   1.3293946725E-03   1.2327350513E-03   6.6561010864E-03  -2.4883099283E-04
    3      1.6783499044E-03  -4.3141682120E-04  -1.0279367997E-03  -1.3263916026E-04  -2.5794850183E-04
    4     -1.8478682084E-04  -1.0403061819E-03  -9.8754056577E-05   1.7203111109E-04   3.0561804839E-04
    5      7.3440574245E-03  -1.1515230049E-04   1.2933096101E-04  -1.3122750486E-03   3.7864441194E-06
    6     -1.1588851428E-03  -4.7346205073E-03  -1.5811716470E-03   2.5384931098E-03   1.1203655794E-04
    7     -2.8765025949E-03  -2.4387205584E-03   1.2201358810E-03   7.2320475196E-04   2.6054600554E-04
    8      2.2310157547E-03   2.5679600072E-03   6.1091579425E-04   7.9944244521E-03   1.2112211545E-05
    9      1.3888844523E-02  -1.4820628536E-02  -5.7062822138E-03   3.4883873601E-03   3.0752170653E-04
   10      2.8280899831E-02   2.6164055371E-02   7.6421033614E-03  -5.1347592524E-03  -1.6731312204E-03
   11     -3.9460974322E-02   1.9898253777E-03   8.5433374725E-04   1.9709160099E-03   2.5769297951E-05
   12      1.3639472635E-03  -1.6679113484E-01   1.3639746542E-01   1.8320525493E-02  -5.7537952315E-03
   13      5.8392761699E-03   1.3523148069E-01  -2.2959452623E-01  -1.6313826139E-02   9.7027676969E-04
   14      1.3208489468E-03   1.8394788977E-02  -1.6618470545E-02  -3.7953192891E-02   1.4527391299E-03
   15      2.6189352178E-03   1.1293940054E-02   2.0879608379E-02  -2.6319536019E-03  -5.9216479108E-03
   16      3.6859230644E-04  -7.5790640735E-03  -1.8346441238E-02   2.3078811055E-03  -2.9588783429E-02
   17      8.1293713776E-03  -1.1432770491E-03  -3.2468361937E-03   2.6123138741E-03   2.9235325852E-03
   18     -7.4277363410E-05  -6.0568632005E-04   1.4373002731E-03  -5.7167667960E-04  -6.8404919279E-02
   19      3.0575277382E-04   7.6785236001E-04   8.8132602682E-04  -3.1223975782E-04  -5.8179326939E-02
   20      1.9673935054E-04  -4.7495655281E-04  -4.7914131892E-04  -2.9890983339E-03   8.1623281570E-03
   21     -1.3005297950E-07  -6.7519657003E-04   1.8390062717E-05   1.0388037437E-04   6.5152512695E-03
   22      1.0894154445E-05  -1.0539898231E-03  -4.4788060296E-04   1.9477994937E-04   2.6990411579E-02
   23      5.4502593055E-05   1.5245789641E-04   5.9418266640E-06  -1.9759516703E-04  -1.5118018080E-03
   24     -2.0252351376E-04   3.9291838703E-04   1.0414697581E-03  -3.5417411068E-05  -2.9285252400E-04
   25     -7.7589719161E-05  -7.3075728220E-04  -9.7068172882E-04   2.1973354300E-04   1.1879151833E-03
   26     -9.9775966486E-04   5.2670383294E-05  -1.5817545542E-04   3.9276136683E-04   2.5601700177E-05
   27     -6.9019101989E-06   8.3325024658E-06   1.1457564435E-04  -2.4238689949E-04  -2.4491987638E-05
   28     -1.7005018622E-04   9.2423788955E-05   4.1793954031E-05  -4.2046260607E-05   3.2688897145E-06
   29      1.5202712953E-04  -2.4233684158E-04  -4.5486158945E-05  -1.1075214487E-03  -2.1685526430E-06
   30     -8.5702785289E-04  -7.9902311214E-04  -3.6468862072E-04   1.4535630379E-04   2.4873352999E-05
   31     -9.5483684748E-05   1.2913390248E-03   1.9624275942E-04  -2.5371294160E-04   1.0781349352E-04
   32     -3.4651059971E-03   1.0079344707E-04   5.2363758757E-05   1.0453478472E-05  -3.1696335445E-06
   33     -1.6286907435E-02   1.0128266410E-03   3.1829245225E-04  -9.7539078805E-04  -4.6194578116E-04
   34     -3.0877363941E-02  -3.4110919054E-04   8.5553941385E-04  -1.4040849470E-04  -5.2192941868E-05
   35      2.9981221159E-02  -9.2957438104E-04  -3.0715883850E-04  -4.0031649384E-03   2.7015344156E-05
   36     -9.2957438104E-04   1.7800722331E-01  -1.4733105616E-01  -2.1969970398E-02   1.4414202663E-04
   37     -3.0715883850E-04  -1.4733105616E-01   2.4152712730E-01   1.7600295770E-02  -7.6963144124E-05
   38     -4.0031649384E-03  -2.1969970398E-02   1.7600295770E-02   2.7058048767E-02  -3.6442851817E-05
