
$orca_hessian_file

$act_atom
  0

$act_coord
  0

$act_energy
      -78.542714

$hessian
18
                    0                  1                  2                  3                  4        
    0      8.5374586606E-01   6.5083937551E-03  -2.4037585664E-02  -5.6360715844E-01  -1.6997347249E-02
    1      6.5083937551E-03   6.4206363434E-01  -5.0994206290E-02  -1.7003218222E-02  -1.1485068366E-01
    2     -2.4037585664E-02  -5.0994206290E-02   1.1569666007E-01   1.7865591908E-02   6.9795344125E-03
    3     -5.6360715844E-01  -1.7003218222E-02   1.7865591908E-02   8.5373314493E-01   6.4794133497E-03
    4     -1.6997347249E-02  -1.1485068366E-01   6.9795344125E-03   6.4794133497E-03   6.4209518556E-01
    5      1.7868661450E-02   6.9792510757E-03  -4.8356422168E-02  -2.4039491048E-02  -5.1078081236E-02
    6     -1.4161153611E-01   1.2623475692E-01  -8.7665701510E-03  -1.4834209262E-02   2.9813597538E-02
    7      1.3113923593E-01  -2.5789345262E-01   1.6966571313E-02  -3.3085031206E-03   4.8393092809E-03
    8     -9.2343630672E-03   1.7160817551E-02  -3.8360531245E-02   9.2730702445E-04  -8.7535840389E-04
    9     -1.2114312779E-01  -1.1434300929E-01   1.3560637438E-02  -1.2510468030E-02  -3.1208426910E-02
   10     -1.1919733278E-01  -2.7682017776E-01   2.6687952744E-02   1.9812065640E-03   2.6232722636E-03
   11      1.4085138408E-02   2.6519401246E-02  -3.9942101059E-02   3.7384923722E-04   1.2576489506E-03
   12     -1.2509913066E-02  -3.1209183462E-02   3.5758755114E-03  -1.2114140077E-01  -1.1433584773E-01
   13      1.9803097413E-03   2.6233194695E-03   2.6153427137E-04  -1.1918977455E-01  -2.7680887701E-01
   14      3.7474733363E-04   1.2591228378E-03   5.4037338010E-03   1.4086040055E-02   2.6521888788E-02
   15     -1.4836013720E-02   2.9816392092E-02  -2.1794223377E-03  -1.4160706315E-01   1.2624963908E-01
   16     -3.3088321934E-03   4.8378309088E-03   1.2341256447E-04   1.3116056160E-01  -2.5794308216E-01
   17      9.2576088301E-04  -8.7441450945E-04   5.5582436947E-03  -9.2393991334E-03   1.7165558467E-02
                    5                  6                  7                  8                  9        
    0      1.7868661450E-02  -1.4161153611E-01   1.3113923593E-01  -9.2343630672E-03  -1.2114312779E-01
    1      6.9792510757E-03   1.2623475692E-01  -2.5789345262E-01   1.7160817551E-02  -1.1434300929E-01
    2     -4.8356422168E-02  -8.7665701510E-03   1.6966571313E-02  -3.8360531245E-02   1.3560637438E-02
    3     -2.4039491048E-02  -1.4834209262E-02  -3.3085031206E-03   9.2730702445E-04  -1.2510468030E-02
    4     -5.1078081236E-02   2.9813597538E-02   4.8393092809E-03  -8.7535840389E-04  -3.1208426910E-02
    5      1.1569055296E-01  -2.1799196442E-03   1.2317917090E-04   5.5573151159E-03   3.5797904598E-03
    6     -2.1799196442E-03   1.4990079892E-01  -1.4203094610E-01   9.6367054619E-03   9.9890090614E-03
    7      1.2317917090E-04  -1.4203094610E-01   2.6595173898E-01  -1.8604616945E-02   1.4910463076E-02
    8      5.5573151159E-03   9.6367054619E-03  -1.8604616945E-02   2.6074469780E-02  -1.6508926436E-03
    9      3.5797904598E-03   9.9890090614E-03   1.4910463076E-02  -1.6508926436E-03   1.2722283694E-01
   10      2.5947061530E-04  -1.2807320824E-02  -1.5800824547E-02   2.1666953283E-03   1.2980503650E-01
   11      5.4038840956E-03   9.8193313147E-04   1.3122788744E-03   2.5418717008E-03  -1.5614456277E-02
   12      1.3558949155E-02   1.4951769653E-03   2.5039468228E-04  -3.5175887003E-04  -5.0754642450E-03
   13      2.6686269251E-02  -3.0146315219E-04   1.3239351139E-03  -9.6424818170E-04   5.1489840032E-04
   14     -3.9937464513E-02  -3.2111910535E-04  -9.3045308263E-04  -8.6814011707E-03   4.9834054427E-04
   15     -8.7683825869E-03  -4.9501894559E-03  -9.5812495710E-04   6.4976584014E-04   1.4951228767E-03
   16      1.6971190056E-02  -9.5797096923E-04   1.6445644446E-03   1.1232479763E-03   2.4996672012E-04
   17     -3.8352825147E-02   6.4988553222E-04   1.1235965818E-03   1.2914642494E-02  -3.5126139655E-04
                   10                 11                 12                 13                 14        
    0     -1.1919733278E-01   1.4085138408E-02  -1.2509913066E-02   1.9803097413E-03   3.7474733363E-04
    1     -2.7682017776E-01   2.6519401246E-02  -3.1209183462E-02   2.6233194695E-03   1.2591228378E-03
    2      2.6687952744E-02  -3.9942101059E-02   3.5758755114E-03   2.6153427137E-04   5.4037338010E-03
    3      1.9812065640E-03   3.7384923722E-04  -1.2114140077E-01  -1.1918977455E-01   1.4086040055E-02
    4      2.6232722636E-03   1.2576489506E-03  -1.1433584773E-01  -2.7680887701E-01   2.6521888788E-02
    5      2.5947061530E-04   5.4038840956E-03   1.3558949155E-02   2.6686269251E-02  -3.9937464513E-02
    6     -1.2807320824E-02   9.8193313147E-04   1.4951769653E-03  -3.0146315219E-04  -3.2111910535E-04
    7     -1.5800824547E-02   1.3122788744E-03   2.5039468228E-04   1.3239351139E-03  -9.3045308263E-04
    8      2.1666953283E-03   2.5418717008E-03  -3.5175887003E-04  -9.6424818170E-04  -8.6814011707E-03
    9      1.2980503650E-01  -1.5614456277E-02  -5.0754642450E-03   5.1489840032E-04   4.9834054427E-04
   10      2.8688868784E-01  -2.9133131813E-02   5.1550371620E-04   1.7590172138E-03   1.0197483034E-03
   11     -2.9133131813E-02   2.7671336396E-02   4.9860552785E-04   1.0200174118E-03   1.2956696300E-02
   12      5.1550371620E-04   4.9860552785E-04   1.2722147358E-01   1.2979970962E-01  -1.5612748026E-02
   13      1.7590172138E-03   1.0200174118E-03   1.2979970962E-01   2.8687599870E-01  -2.9131335346E-02
   14      1.0197483034E-03   1.2956696300E-02  -1.5612748026E-02  -2.9131335346E-02   2.7673192115E-02
   15     -3.0168602195E-04  -3.2198765606E-04   9.9893393658E-03  -1.2808443631E-02   9.8187524938E-04
   16      1.3239302648E-03  -9.3047673923E-04   1.4908920096E-02  -1.5797939499E-02   1.3121870558E-03
   17     -9.6393286671E-04  -8.6820089307E-03  -1.6503001941E-03   2.1666856447E-03   2.5404521543E-03
                   15                 16                 17        
     0     -1.4836013720E-02  -3.3088321934E-03   9.2576088301E-04
     1      2.9816392092E-02   4.8378309088E-03  -8.7441450945E-04
     2     -2.1794223377E-03   1.2341256447E-04   5.5582436947E-03
     3     -1.4160706315E-01   1.3116056160E-01  -9.2393991334E-03
     4      1.2624963908E-01  -2.5794308216E-01   1.7165558467E-02
     5     -8.7683825869E-03   1.6971190056E-02  -3.8352825147E-02
     6     -4.9501894559E-03  -9.5797096923E-04   6.4988553222E-04
     7     -9.5812495710E-04   1.6445644446E-03   1.1235965818E-03
     8      6.4976584014E-04   1.1232479763E-03   1.2914642494E-02
     9      1.4951228767E-03   2.4996672012E-04  -3.5126139655E-04
    10     -3.0168602195E-04   1.3239302648E-03  -9.6393286671E-04
    11     -3.2198765606E-04  -9.3047673923E-04  -8.6820089307E-03
    12      9.9893393658E-03   1.4908920096E-02  -1.6503001941E-03
    13     -1.2808443631E-02  -1.5797939499E-02   2.1666856447E-03
    14      9.8187524938E-04   1.3121870558E-03   2.5404521543E-03
    15      1.4989788703E-01  -1.4204994410E-01   9.6386891012E-03
    16     -1.4204994410E-01   2.6600155879E-01  -1.8609338292E-02
    17      9.6386891012E-03  -1.8609338292E-02   2.6068607845E-02

$vibrational_frequencies
18
    0        0.000000
    1        0.000000
    2        0.000000
    3        0.000000
    4        0.000000
    5        0.000000
    6      837.832239
    7      973.314121
    8      981.476848
    9     1069.541749
   10     1253.189854
   11     1386.334600
   12     1488.883095
   13     1689.295332
   14     3155.513211
   15     3171.544931
   16     3233.430008
   17     3260.914704

$normal_modes
18 18
                    0                  1                  2                  3                  4        
    0      0.0000000000E+00   0.0000000000E+00   0.0000000000E+00   0.0000000000E+00   0.0000000000E+00
    1      0.0000000000E+00   0.0000000000E+00   0.0000000000E+00   0.0000000000E+00   0.0000000000E+00
    2      0.0000000000E+00   0.0000000000E+00   0.0000000000E+00   0.0000000000E+00   0.0000000000E+00
    3      0.0000000000E+00   0.0000000000E+00   0.0000000000E+00   0.0000000000E+00   0.0000000000E+00
    4      0.0000000000E+00   0.0000000000E+00   0.0000000000E+00   0.0000000000E+00   0.0000000000E+00
    5      0.0000000000E+00   0.0000000000E+00   0.0000000000E+00   0.0000000000E+00   0.0000000000E+00
    6      0.0000000000E+00   0.0000000000E+00   0.0000000000E+00   0.0000000000E+00   0.0000000000E+00
    7      0.0000000000E+00   0.0000000000E+00   0.0000000000E+00   0.0000000000E+00   0.0000000000E+00
    8      0.0000000000E+00   0.0000000000E+00   0.0000000000E+00   0.0000000000E+00   0.0000000000E+00
    9      0.0000000000E+00   0.0000000000E+00   0.0000000000E+00   0.0000000000E+00   0.0000000000E+00
   10      0.0000000000E+00   0.0000000000E+00   0.0000000000E+00   0.0000000000E+00   0.0000000000E+00
   11      0.0000000000E+00   0.0000000000E+00   0.0000000000E+00   0.0000000000E+00   0.0000000000E+00
   12      0.0000000000E+00   0.0000000000E+00   0.0000000000E+00   0.0000000000E+00   0.0000000000E+00
   13      0.0000000000E+00   0.0000000000E+00   0.0000000000E+00   0.0000000000E+00   0.0000000000E+00
   14      0.0000000000E+00   0.0000000000E+00   0.0000000000E+00   0.0000000000E+00   0.0000000000E+00
   15      0.0000000000E+00   0.0000000000E+00   0.0000000000E+00   0.0000000000E+00   0.0000000000E+00
   16      0.0000000000E+00   0.0000000000E+00   0.0000000000E+00   0.0000000000E+00   0.0000000000E+00
   17      0.0000000000E+00   0.0000000000E+00   0.0000000000E+00   0.0000000000E+00   0.0000000000E+00
                    5                  6                  7                  8                  9        
    0      0.0000000000E+00  -1.6457930148E-03   4.8678731861E-03   2.6263466360E-03   2.6638663306E-05
    1      0.0000000000E+00   3.9359558450E-02   1.4463559153E-02   7.9182046958E-03   1.0752443386E-04
    2      0.0000000000E+00  -3.6229122042E-03   1.5065346947E-01   8.3472982936E-02   9.9883171677E-04
    3      0.0000000000E+00  -1.6420066871E-03  -4.8918000062E-03   2.5915098626E-03   2.3181166642E-05
    4      0.0000000000E+00   3.9358298986E-02  -1.4537656628E-02   7.8271115387E-03   9.3417711725E-05
    5      0.0000000000E+00  -3.6186529979E-03  -1.5144888306E-01   8.2359449733E-02   9.4341904828E-04
    6      0.0000000000E+00  -4.2967293548E-01  -1.5138039794E-02  -1.4868936322E-02  -1.5796190137E-02
    7      0.0000000000E+00  -2.5133296952E-01  -4.6292699342E-02  -4.6309964565E-02  -4.8188454013E-02
    8      0.0000000000E+00   3.7033860672E-02  -4.8340255519E-01  -4.8909871764E-01  -5.0332142264E-01
    9      0.0000000000E+00   4.4928609135E-01  -1.4700539049E-02  -1.6336391265E-02   1.5498953167E-02
   10      0.0000000000E+00  -2.1766370148E-01  -4.6174760682E-02  -4.7824470648E-02   4.6968635218E-02
   11      0.0000000000E+00   6.1240025601E-03  -4.8363252760E-01  -5.0246753594E-01   4.9158698985E-01
   12      0.0000000000E+00   4.4927094264E-01   1.4860316527E-02  -1.6171971385E-02   1.5471451612E-02
   13      0.0000000000E+00  -2.1765819651E-01   4.6602164584E-02  -4.7499733267E-02   4.6990803602E-02
   14      0.0000000000E+00   6.1101374428E-03   4.8817324403E-01  -4.9890921322E-01   4.9174351081E-01
   15      0.0000000000E+00  -4.2970774710E-01   1.5263366519E-02  -1.4796981191E-02  -1.5767851525E-02
   16      0.0000000000E+00  -2.5132150716E-01   4.6748216849E-02  -4.5981896295E-02  -4.8165346028E-02
   17      0.0000000000E+00   3.7020133890E-02   4.8833972829E-01  -4.8552983953E-01  -5.0315230613E-01
                   10                 11                 12                 13                 14        
    0      6.3663608027E-03   1.0611465283E-01   6.8781108846E-02   2.9679030888E-01   4.2463934193E-02
    1     -1.5194365620E-01   4.0522511647E-03   2.6471327314E-03   1.1413057422E-02   1.4783830826E-03
    2      1.4377319535E-02  -3.8027257678E-03  -2.4083189235E-03  -1.0496076348E-02  -1.4886285527E-03
    3     -6.3593588357E-03  -1.0610030562E-01   6.8822025259E-02  -2.9677952131E-01   4.2232446812E-02
    4      1.5194090996E-01  -4.0540285949E-03   2.6364960395E-03  -1.1407832154E-02   1.5956385836E-03
    5     -1.4388445221E-02   3.8039153899E-03  -2.4069400468E-03   1.0495272861E-02  -1.4923363031E-03
    6      4.6066567920E-01   4.4749549475E-01  -3.9833767842E-01  -2.4006715335E-01  -2.7130634822E-01
    7      1.5855218578E-01   2.0725428572E-01  -2.9561194408E-01  -3.8259454492E-01   4.2022844527E-01
    8     -2.9831976236E-02  -3.3602271608E-02   4.0721546084E-02   4.4345842644E-02  -3.1610309400E-02
    9     -4.7254964712E-01   4.6325276380E-01  -4.2153493915E-01  -2.7085586566E-01  -2.3439330080E-01
   10      1.2293049776E-01  -1.7225133599E-01   2.6411350849E-01   3.6297460405E-01  -4.3782445600E-01
   11      2.9526490605E-03   2.1533149254E-03  -1.2024057112E-02  -2.5922079737E-02   4.9336827696E-02
   12      4.7251338465E-01  -4.6334971875E-01  -4.2149818338E-01   2.7079624708E-01  -2.3387143779E-01
   13     -1.2290207330E-01   1.7231067960E-01   2.6411480380E-01  -3.6293825105E-01  -4.3680216646E-01
   14     -2.8429296990E-03  -2.1718264204E-03  -1.2030745268E-02   2.5916323578E-02   4.9222097791E-02
   15     -4.6071284988E-01  -4.4756949645E-01  -3.9826336944E-01   2.3999823072E-01  -2.6964342933E-01
   16     -1.5854788691E-01  -2.0729245005E-01  -2.9557436937E-01   3.8249592933E-01   4.1776913529E-01
   17      2.9854826938E-02   3.3606607953E-02   4.0710315316E-02  -4.4330512394E-02  -3.1428408861E-02
                   15                 16                 17        
     0     -5.3843844344E-02  -2.8142031682E-03  -2.8287147775E-03
     1     -1.9612767731E-03   6.9544489710E-02   7.0308531581E-02
     2      1.8588068746E-03  -6.5512954657E-03  -6.6251415432E-03
     3      5.4017411625E-02   2.8850226548E-03  -2.9246649597E-03
     4      2.0785696474E-03  -6.9305624173E-02   7.0539995531E-02
     5     -1.8754435834E-03   6.5262464170E-03  -6.6446241797E-03
     6      2.7160723323E-01   2.8087066862E-01   2.7987655331E-01
     7     -4.1648106908E-01  -4.0958774616E-01  -4.0786801544E-01
     8      3.1323484962E-02   3.0294572453E-02   3.0198696811E-02
     9      2.3538892153E-01  -2.4668797256E-01  -2.4606826068E-01
    10      4.3470518028E-01  -4.3125272349E-01  -4.2987551992E-01
    11     -4.8860099509E-02   4.8935787991E-02   4.8739261441E-02
    12     -2.3678005602E-01   2.4540134088E-01  -2.4650618198E-01
    13     -4.3724374472E-01   4.2895319409E-01  -4.3060163852E-01
    14      4.9146610979E-02  -4.8674413614E-02   4.8823584785E-02
    15     -2.7228426998E-01  -2.8042789889E-01   2.8125329016E-01
    16      4.1762200980E-01   4.0904103156E-01  -4.0996004353E-01
    17     -3.1411758824E-02  -3.0257470516E-02   3.0356667377E-02

#
# The atoms: label  mass x y z (in bohrs)
#
$atoms
6
 C     12.01100      1.252812082685     0.048034225918    -0.043967118542
 C     12.01100     -1.252857148817    -0.048045459446     0.043969829726
 H      1.00800      2.392775066109    -1.641668400648     0.081660509277
 H      1.00800      2.248521675378     1.819627031398    -0.244497393334
 H      1.00800     -2.248579119338    -1.819649233096     0.244501559327
 H      1.00800     -2.392670666291     1.641701835874    -0.081667386454

$actual_temperature
  0.000000

$frequency_scale_factor
  1.000000

$dipole_derivatives
18
   -1.7659269573E-02   -5.9470312058E-03   -8.1457783128E-03
   -3.3662938922E-03    1.0449888497E-01   -3.7839402822E-02
   -1.1199248094E-02   -3.8094358786E-02   -2.9172908959E-01
   -1.7681130186E-02   -5.9196262498E-03   -8.1462950332E-03
   -3.2765382381E-03    1.0441447590E-01   -3.7833675884E-02
   -1.1192601544E-02   -3.8100512953E-02   -2.9171369939E-01
    4.1176386661E-03    4.2506326456E-02    4.9194960640E-04
    7.8089425701E-02   -4.6985134733E-02    1.6006260094E-02
   -2.7347621803E-03    1.7555419120E-02    1.4689350313E-01
    1.3579317985E-02   -3.6550212614E-02    7.6516968590E-03
   -7.2241597192E-02   -5.5647733017E-02    2.1533372661E-02
    1.2979637291E-02    1.9768899838E-02    1.4395653562E-01
    1.3591413000E-02   -3.6549912078E-02    7.6558438445E-03
   -7.2246439543E-02   -5.5627778237E-02    2.1534554495E-02
    1.2985627320E-02    1.9769618747E-02    1.4396236983E-01
    4.1267519297E-03    4.2481964832E-02    4.8926410274E-04
    7.8083733643E-02   -4.6980576028E-02    1.6006665676E-02
   -2.7295999220E-03    1.7554601273E-02    1.4689795301E-01

#
# The IR spectrum
#  wavenumber eps Int TX TY TZ
#
$ir_spectrum
18
      0.00   0.00000000   0.00000000     0.000000     0.000000     0.000000
      0.00   0.00000000   0.00000000     0.000000     0.000000     0.000000
      0.00   0.00000000   0.00000000     0.000000     0.000000     0.000000
      0.00   0.00000000   0.00000000     0.000000     0.000000     0.000000
      0.00   0.00000000   0.00000000     0.000000     0.000000     0.000000
      0.00   0.00000000   0.00000000     0.000000     0.000000     0.000000
    837.83   0.00002454   0.12402825     0.000183    -0.003010     0.000220
    973.31   0.00000034   0.00173715     0.000013     0.000032     0.000330
    981.48   0.01942577  98.16988592    -0.003039    -0.007366    -0.078186
   1069.54   0.00000808   0.04083086     0.000348    -0.000344    -0.001455
   1253.19   0.00000000   0.00000063     0.000003    -0.000001     0.000005
   1386.33   0.00000000   0.00000028    -0.000003     0.000002    -0.000001
   1488.88   0.00180864   9.14010160    -0.019444    -0.000720     0.000696
   1689.30   0.00000000   0.00000008    -0.000000    -0.000002     0.000000
   3155.51   0.00265879  13.43643693     0.016195     0.000566    -0.000577
   3171.54   0.00000001   0.00006959     0.000033     0.000017    -0.000003
   3233.43   0.00000001   0.00007471     0.000013     0.000035    -0.000003
   3260.91   0.00373329  18.86653966    -0.000667     0.018809    -0.001746


$end

