
$orca_hessian_file

$act_atom
  4

$act_coord
  2

$act_energy
     -239.098182

$hessian
15
                    0                  1                  2                  3                  4        
    0      4.2022029080E-01   3.2138787931E-05   1.3407560443E-05  -1.6762905137E-01   9.2117133815E-02
    1      3.2138787931E-05   5.7644786969E-01  -4.1193941430E-05   1.1186348399E-01  -1.6949880583E-01
    2      1.3407560443E-05  -4.1193941430E-05   6.7310017898E-01  -1.4128970620E-05   4.5420984162E-05
    3     -1.6762905137E-01   1.1186348399E-01  -1.4128970620E-05   2.6676162024E-01  -1.4847526904E-01
    4      9.2117133815E-02  -1.6949880583E-01   4.5420984162E-05  -1.4847526904E-01   1.7315626201E-01
    5      1.2515041497E-05  -5.0715311934E-05  -7.9103210016E-02   2.0052846777E-05  -3.2667548985E-05
    6     -4.4755028065E-02   1.2440762437E-05   3.6175489181E-05  -1.3619341965E-02   2.9806992354E-02
    7      5.6874566150E-08  -1.1930083343E-01   9.8781413759E-02   1.7073846203E-02  -1.6253996111E-02
    8      1.6988055041E-06   1.1277296024E-01  -2.5630804858E-01  -3.7580907631E-03   3.9466633060E-04
    9     -4.4725230858E-02   3.8084077102E-06  -3.7187040119E-06  -1.3603528087E-02   2.9825194913E-02
   10      3.0089987581E-06  -1.1930655103E-01  -9.8779296511E-02   1.7073172966E-02  -1.6247279545E-02
   11      1.5271082954E-06  -1.1276586872E-01  -2.5630777026E-01   3.7612393578E-03  -3.9849947275E-04
   12     -1.6761159122E-01  -1.1186586240E-01   6.1362759980E-06  -7.1150157236E-02  -3.9977083685E-03
   13     -9.2133890976E-02  -1.6949404930E-01  -5.4713198530E-06   3.9950157657E-03   2.9757366114E-02
   14      4.6174975064E-06   2.4988178345E-05  -7.9005597537E-02  -1.4324607901E-05  -8.6847583930E-06
                    5                  6                  7                  8                  9        
    0      1.2515041497E-05  -4.4755028065E-02   5.6874566150E-08   1.6988055041E-06  -4.4725230858E-02
    1     -5.0715311934E-05   1.2440762437E-05  -1.1930083343E-01   1.1277296024E-01   3.8084077102E-06
    2     -7.9103210016E-02   3.6175489181E-05   9.8781413759E-02  -2.5630804858E-01  -3.7187040119E-06
    3      2.0052846777E-05  -1.3619341965E-02   1.7073846203E-02  -3.7580907631E-03  -1.3603528087E-02
    4     -3.2667548985E-05   2.9806992354E-02  -1.6253996111E-02   3.9466633060E-04   2.9825194913E-02
    5      5.1460606487E-02  -2.4036623966E-02   2.0916883136E-02   8.6889535074E-03   2.3896175875E-02
    6     -2.4036623966E-02   6.6622000187E-02  -5.0391780506E-06  -4.1409748737E-06   6.7307105117E-03
    7      2.0916883136E-02  -5.0391780506E-06   1.3941262064E-01  -1.2672280252E-01   6.7591521227E-06
    8      8.6889535074E-03  -4.1409748737E-06  -1.2672280252E-01   2.5554749304E-01   7.0583114619E-06
    9      2.3896175875E-02   6.7307105117E-03   6.7591521227E-06   7.0583114619E-06   6.6649587607E-02
   10     -2.0924340559E-02   5.0267210750E-06   1.2055577942E-02   1.2833486680E-02  -6.4388100355E-06
   11      8.6963713151E-03  -6.4928489369E-06  -1.2833283744E-02  -1.6835607565E-02   6.8713688531E-06
   12      9.6749773142E-06  -1.3582922484E-02  -1.7076500031E-02   3.7589259554E-03  -1.3594945402E-02
   13      1.5068540210E-05  -2.9841518420E-02  -1.6250154640E-02   3.9512790410E-04  -2.9869550051E-02
   14      9.3312111088E-03   2.4018292441E-02   2.0932139872E-02   8.6975133443E-03  -2.3928450066E-02
                   10                 11                 12                 13                 14        
    0      3.0089987581E-06   1.5271082954E-06  -1.6761159122E-01  -9.2133890976E-02   4.6174975064E-06
    1     -1.1930655103E-01  -1.1276586872E-01  -1.1186586240E-01  -1.6949404930E-01   2.4988178345E-05
    2     -9.8779296511E-02  -2.5630777026E-01   6.1362759980E-06  -5.4713198530E-06  -7.9005597537E-02
    3      1.7073172966E-02   3.7612393578E-03  -7.1150157236E-02   3.9950157657E-03  -1.4324607901E-05
    4     -1.6247279545E-02  -3.9849947275E-04  -3.9977083685E-03   2.9757366114E-02  -8.6847583930E-06
    5     -2.0924340559E-02   8.6963713151E-03   9.6749773142E-06   1.5068540210E-05   9.3312111088E-03
    6      5.0267210750E-06  -6.4928489369E-06  -1.3582922484E-02  -2.9841518420E-02   2.4018292441E-02
    7      1.2055577942E-02  -1.2833283744E-02  -1.7076500031E-02  -1.6250154640E-02   2.0932139872E-02
    8      1.2833486680E-02  -1.6835607565E-02   3.7589259554E-03   3.9512790410E-04   8.6975133443E-03
    9     -6.4388100355E-06   6.8713688531E-06  -1.3594945402E-02  -2.9869550051E-02  -2.3928450066E-02
   10      1.3941009576E-01   1.2672383283E-01  -1.7073797921E-02  -1.6248692087E-02  -2.0926601845E-02
   11      1.2672383283E-01   2.5554469057E-01  -3.7589762917E-03  -3.9926876140E-04   8.6872889718E-03
   12     -1.7073797921E-02  -3.7589762917E-03   2.6675244421E-01   1.4846979710E-01   3.6658155470E-06
   13     -1.6248692087E-02  -3.9926876140E-04   1.4846979710E-01   1.7316135809E-01  -3.4313021804E-05
   14     -2.0926601845E-02   8.6872889718E-03   3.6658155470E-06  -3.4313021804E-05   5.1432755274E-02

$vibrational_frequencies
15
    0        0.000000
    1        0.000000
    2        0.000000
    3        0.000000
    4        0.000000
    5        0.000000
    6      520.677059
    7     1078.581683
    8     1111.474922
    9     1186.701609
   10     1274.302728
   11     1466.620921
   12     1525.661287
   13     3049.095170
   14     3121.300484

$normal_modes
15 15
                    0                  1                  2                  3                  4        
    0      0.0000000000E+00   0.0000000000E+00   0.0000000000E+00   0.0000000000E+00   0.0000000000E+00
    1      0.0000000000E+00   0.0000000000E+00   0.0000000000E+00   0.0000000000E+00   0.0000000000E+00
    2      0.0000000000E+00   0.0000000000E+00   0.0000000000E+00   0.0000000000E+00   0.0000000000E+00
    3      0.0000000000E+00   0.0000000000E+00   0.0000000000E+00   0.0000000000E+00   0.0000000000E+00
    4      0.0000000000E+00   0.0000000000E+00   0.0000000000E+00   0.0000000000E+00   0.0000000000E+00
    5      0.0000000000E+00   0.0000000000E+00   0.0000000000E+00   0.0000000000E+00   0.0000000000E+00
    6      0.0000000000E+00   0.0000000000E+00   0.0000000000E+00   0.0000000000E+00   0.0000000000E+00
    7      0.0000000000E+00   0.0000000000E+00   0.0000000000E+00   0.0000000000E+00   0.0000000000E+00
    8      0.0000000000E+00   0.0000000000E+00   0.0000000000E+00   0.0000000000E+00   0.0000000000E+00
    9      0.0000000000E+00   0.0000000000E+00   0.0000000000E+00   0.0000000000E+00   0.0000000000E+00
   10      0.0000000000E+00   0.0000000000E+00   0.0000000000E+00   0.0000000000E+00   0.0000000000E+00
   11      0.0000000000E+00   0.0000000000E+00   0.0000000000E+00   0.0000000000E+00   0.0000000000E+00
   12      0.0000000000E+00   0.0000000000E+00   0.0000000000E+00   0.0000000000E+00   0.0000000000E+00
   13      0.0000000000E+00   0.0000000000E+00   0.0000000000E+00   0.0000000000E+00   0.0000000000E+00
   14      0.0000000000E+00   0.0000000000E+00   0.0000000000E+00   0.0000000000E+00   0.0000000000E+00
                    5                  6                  7                  8                  9        
    0      0.0000000000E+00  -4.3275532118E-05  -6.6468720922E-01  -5.6783837283E-04  -7.4308134503E-05
    1      0.0000000000E+00   3.5712120992E-01   5.1809702154E-04  -5.7954589136E-01   1.4764040593E-04
    2      0.0000000000E+00   1.2220753838E-05   1.0573912078E-04  -2.4960825134E-04  -1.9271430318E-01
    3      0.0000000000E+00  -5.0958813974E-01   2.3363529506E-01  -2.0380735654E-01   6.7618971138E-05
    4      0.0000000000E+00  -1.3404425513E-01  -1.7911060131E-01   2.0935218274E-01  -6.6410989539E-05
    5      0.0000000000E+00   4.6949780423E-06   1.4058504797E-05   6.4505008216E-05   4.8999514425E-02
    6      0.0000000000E+00  -4.3592322809E-04  -4.3980482804E-01  -2.1294935673E-04   1.7022265314E-03
    7      0.0000000000E+00   3.9812796909E-01   7.0640515289E-05  -4.9467449898E-01   6.5522273040E-01
    8      0.0000000000E+00   5.1346332127E-03  -1.5548109843E-04   3.2353085904E-02   2.2328375283E-01
    9      0.0000000000E+00  -9.9231742018E-05  -4.3792862875E-01  -1.6066598825E-04  -1.5974824301E-03
   10      0.0000000000E+00   3.9820540759E-01   7.8119336497E-04  -4.9635065384E-01  -6.5498003078E-01
   11      0.0000000000E+00  -5.1661008252E-03  -9.1116384337E-05  -3.1761735941E-02   2.2331225413E-01
   12      0.0000000000E+00   5.0964389395E-01   2.3316717859E-01   2.0418618121E-01  -2.6197087284E-05
   13      0.0000000000E+00  -1.3398853232E-01   1.7873785092E-01   2.0963292386E-01  -3.9808093243E-05
   14      0.0000000000E+00  -1.0751621952E-05  -6.7825339047E-05   6.1927455440E-05   4.9143591193E-02
                   10                 11                 12                 13                 14        
    0      1.3479256442E-04   1.0307931094E-01  -1.5324001225E-07   1.4749878046E-07   3.3063864630E-07
    1     -4.0206753027E-06  -2.9746664337E-05   8.7502960298E-02  -6.1273876108E-02   6.0550338358E-06
    2     -3.0993493309E-04  -1.8538161028E-05   1.5324521624E-06  -6.8517831351E-06  -1.0091561735E-01
    3     -2.3161617372E-05   4.7190150439E-03  -5.3162694085E-03   1.6427791410E-03   2.5393575899E-07
    4      2.1766552339E-05  -2.3410267589E-02   2.7473224432E-03  -3.8716627321E-04  -6.4548062422E-07
    5      3.0932711818E-02  -5.8219871478E-06  -2.5722669415E-07   1.3067161116E-07   4.7034481667E-04
    6     -7.0658619838E-01  -7.0268954178E-01   5.7846171881E-06  -7.9528991382E-06  -2.0912285525E-05
    7      1.0629733302E-03   3.0315304792E-05  -5.7310340290E-01   3.7232355060E-01  -3.7948147232E-01
    8      3.5302623438E-04   1.8612087314E-05  -4.0950668245E-01  -5.9951900210E-01   5.9243314572E-01
    9      7.0627858541E-01  -7.0317885243E-01   9.8218889152E-06   1.0288396047E-07   1.1762701836E-05
   10     -1.0748648585E-03  -1.0527080219E-04  -5.7309357630E-01   3.7238120065E-01   3.7942568886E-01
   11      3.4451299370E-04   1.8577025337E-05   4.0950231186E-01   5.9960336671E-01   5.9234155948E-01
   12     -4.5736140993E-05   4.7045946861E-03   5.3155382372E-03  -1.6424558855E-03   2.2487000122E-08
   13     -1.8593639845E-05   2.3433051162E-02   2.7463347259E-03  -3.8669746675E-04  -2.2288882925E-07
   14     -3.0773773565E-02   1.5569077713E-05  -4.7973128126E-07  -2.7504278786E-07   4.6894232581E-04

#
# The atoms: label  mass x y z (in bohrs)
#
$atoms
5
 C     12.01100      0.000000064586     1.050372502267    -0.000000137830
 F     18.99800      2.096265289088    -0.444115338611    -0.000001871067
 H      1.00800      0.000002753133     2.177994256141    -1.725535480203
 H      1.00800     -0.000000955143     2.177995411836     1.725536307227
 F     18.99800     -2.096267151664    -0.444117625576     0.000001181872

$actual_temperature
  0.000000

$frequency_scale_factor
  1.000000

$dipole_derivatives
15
    1.5592710536E+00    1.4199044074E-05    2.8297347083E-05
    4.5900629512E-06    1.0675855909E+00    2.3112917386E-06
   -6.1111660732E-06   -1.0159194530E-05    7.4485198359E-01
   -7.8491345389E-01    2.5672377751E-01    6.2050347506E-06
    3.8088702233E-01   -5.1022486475E-01    4.7986316951E-06
   -3.3922982247E-05   -1.9622054470E-05   -2.8126131212E-01
    7.8977720072E-03    6.1438494514E-05   -3.8463676477E-07
   -4.5479823521E-06   -2.5107336014E-02    3.2557116955E-02
   -4.6796210075E-06    1.1103852891E-01   -8.9805756397E-02
    7.9427225658E-03    8.8838883805E-06    3.9214502030E-05
    4.2134201586E-06   -2.5135170423E-02   -3.2556990202E-02
   -4.0767435643E-06   -1.1101128679E-01   -8.9806426337E-02
   -7.8491015826E-01   -2.5676022235E-01    1.0075552299E-05
   -3.8089264372E-01   -5.1018973988E-01   -1.0318181252E-05
   -3.7399039255E-05   -7.3764278907E-05   -2.8137141829E-01

#
# The IR spectrum
#  wavenumber T**2 TX TY  TY
#
$ir_spectrum
15
      0.00       0.0000       0.0000       0.0000       0.0000
      0.00       0.0000       0.0000       0.0000       0.0000
      0.00       0.0000       0.0000       0.0000       0.0000
      0.00       0.0000       0.0000       0.0000       0.0000
      0.00       0.0000       0.0000       0.0000       0.0000
      0.00       0.0000       0.0000       0.0000       0.0000
    520.68       4.4329      -0.0012       2.1054       0.0001
   1078.58     259.4712     -16.1081       0.0083       0.0006
   1111.47     102.6803      -0.0145     -10.1331      -0.0025
   1186.70      18.4354      -0.0043       0.0063      -4.2936
   1274.30       0.0001       0.0095      -0.0010      -0.0073
   1466.62      13.1616       3.6279      -0.0025      -0.0012
   1525.66       0.5910       0.0001       0.7688       0.0000
   3049.10      43.3498      -0.0000      -6.5841      -0.0005
   3121.30      37.1296      -0.0000       0.0007      -6.0934

$job_list
15
    0    1    1    1
    1    1    1    1
    2    1    1    1
    3    1    1    1
    4    1    1    1


$end

